fecha	minsplit	minbucket	maxdepth	xval_folds	ganancia	iteracion
20220911 173840	1766.51552114248	317.89141438785	9	5	-1340000	108
20220911 173910	2542.90003201071	343.927931627259	16	5	-1276000	109
20220911 173938	2478.49591443082	891.165080619976	19	5	-1312000	110
20220911 174003	1370.36511795207	51.6459146176931	6	5	-1140000	111
20220911 174030	2113.03975413321	313.652348784963	9	5	-1108000	112
20220911 174057	1895.42326622177	288.552302150056	13	5	-1160000	113
20220911 174127	1706.1307346425	313.569164225599	17	5	-1172000	114
20220911 174155	2099.69729652188	296.559094030083	11	5	-1296000	115
20220911 174224	2115.2221103837	754.240380285702	9	5	-1060000	116
20220911 174252	1866.29398796179	428.801036253886	16	5	-1124000	117
20220911 174322	2126.16489712258	990.314907249778	9	5	-1160000	118
20220911 174352	2117.09245155796	481.533434138801	9	5	-1212000	119
20220911 174423	2056.39687513255	87.6250339697581	9	5	-1172000	120
20220911 174451	2683.25905891653	650.973009655573	12	5	-1364000	121
20220911 174520	1501.64728422402	312.390081620929	19	5	-1228000	122
20220911 174551	1345.63489930166	132.507297109872	16	5	-1276000	123
20220911 174622	1287.0307963372	469.617263471861	20	5	-1116000	124
20220911 174645	2570.77366588123	617.330002386423	3	5	-1060000	125
20220911 174719	2706.12582291309	591.121703662607	15	5	-1204000	126
20220911 174751	2098.70188129558	647.30457795824	17	5	-1124000	127
20220911 174815	937.719578659604	48.6835538492422	4	5	-1220000	128
20220911 175459	1190.79297155563	52.3138081673882	14	5	-1268000	129
20220911 175542	513.47145073202	72.4876244508685	10	5	-1252000	130
20220911 175608	2574.06137443689	624.192033223931	3	5	-1285333.33333333	131
20220911 175642	479.157500900119	156.756356050333	14	5	-1140000	132
20220911 175711	2723.7260866469	276.716776248328	8	5	-1316000	133
20220911 175751	154.164369941782	21.9463277238281	18	5	-1044000	134
20220911 175825	2661.2668261975	899.368214826148	10	5	-1237333.33333333	135
20220911 175901	564.227832192333	163.733984107684	10	5	-1182666.66666667	136
20220911 175934	2682.86447609884	458.230901494315	15	5	-1120000	137
20220911 180010	1218.98942976603	570.395740642452	20	5	-1074666.66666667	138
20220911 180045	2283.41725623107	280.650197989168	18	5	-1268000	139
20220911 180118	727.45742397632	37.7295220672246	10	5	-1060000	140
20220911 180156	2972.96835315621	742.250049086029	11	5	-1134666.66666667	141
20220911 180240	1743.80527845393	776.511859232772	18	5	-1338666.66666667	142
20220911 180317	1161.54347887137	300.391066525257	8	5	-1156000	143
20220911 180354	2064.63213901285	453.76419301155	15	5	-1212000	144
20220911 180427	2386.83680233029	775.644494640795	14	5	-1092000	145
20220911 180502	1205.36701147722	265.777737803857	20	5	-1188000	146
20220911 180542	1579.57247192471	693.317256978878	11	5	-1188000	147
20220911 180629	2831.87241551625	188.102107103786	19	5	-1153333.33333333	148
20220911 180657	2108.09475582277	409.614747808406	3	5	-1188000	149
20220911 180728	2219.39484951673	131.110405315233	7	5	-1112000	150
20220911 180803	2580.00461083204	490.402474684615	11	5	-1208000	151
20220911 180832	2101.56628927479	337.987040121513	5	5	-1228000	152
20220911 180859	2688.10567808985	367.456906561528	5	5	-1228000	153
20220911 180938	1870.44095512012	865.570611295921	5	5	-1212000	154
20220911 181007	2299.80949898607	259.893832658214	3	5	-1170666.66666667	155
20220911 181043	1432.88072865142	34.9442147459023	6	5	-1064000	156
20220911 181119	2360.11163447434	970.688366222812	20	5	-1124000	157
20220911 181151	2082.08208360772	407.869490741147	14	5	-1092000	158
20220911 181232	2189.62349754182	37.8774692721656	10	5	-1128000	159
20220911 181309	1934.21269168046	82.0061000313913	14	5	-1212000	160
20220911 181344	2281.14199005736	266.016786955907	13	5	-1308000	161
20220911 181414	982.280467640376	385.91956425288	19	5	-1045333.33333333	162
20220911 181442	2991.55953695565	834.428893742058	14	5	-1100000	163
20220911 181511	1580.7871725705	385.798772099725	19	5	-1172000	164
20220911 181539	2722.23274992522	451.378856282703	10	5	-1266666.66666667	165
20220911 181608	2829.48365637179	712.822172704982	9	5	-1220000	166
20220911 181631	2076.36795145809	713.622898763933	4	5	-1200000	167
20220911 181701	1156.13021073544	301.227524224948	14	5	-1204000	168
20220911 181729	2146.78762927801	568.596737414985	8	5	-1133333.33333333	169
20220911 181801	413.804865444333	66.5136214229278	19	5	-1092000	170
20220911 181833	1384.59442565963	156.76757076053	20	5	-1268000	171
20220911 181853	2812.77318690347	784.366681450068	3	5	-1316000	172
20220911 181920	2961.71929045555	849.527060380634	17	5	-1224000	173
20220911 181949	2598.41150574526	830.634324389191	11	5	-1240000	174
20220911 182019	1946.07164829778	329.047987958375	19	5	-1140000	175
20220911 182047	2722.08423045522	944.27818054297	18	5	-1196000	176
20220911 182120	1291.33375916745	78.8327535534851	11	5	-1108000	177
20220911 183818	469.718849727396	117.216325277894	3	5	-1148000	178
20220911 183851	1712.88945976761	580.409876085012	9	5	-1140000	179
20220911 183946	1423.21661204901	541.058807504791	7	5	-1052000	180
20220911 184021	1367.63778774373	518.550073587238	8	5	-996000	181
20220911 185801	1774.4566107444	91.8297384203219	17	5	-1240000	182
20220911 185841	1138.96830720432	92.3000904443976	16	5	-1196000	183
20220911 185915	1588.34717653675	285.806326551239	11	5	-1252000	184
20220911 190217	1760.93606474984	586.040691371146	15	5	-1188000	185
20220911 190306	2258.70957931787	894.635288874616	8	5	-1260000	186
20220911 190339	2432.3399358974	735.288568695347	8	5	-1276000	187
20220911 190408	1934.29786507851	385.60425211705	6	5	-1072000	188
20220911 190938	-1	1367	518	8	5	20162666.6666667	189
20220911 193726	-1	1367	518	8	5	20088000	190
20220911 193844	-1	1367	518	8	5	21602666.6666667	191
20220911 194205	-1	1367	518	8	5	21901333.3333333	192
20220911 195043	-1	1367	518	8	5	NA	193
20220911 195442	-1	1367	518	8	5	NA	194
20220911 195600	-1	1367	518	8	5	NA	195
20220911 195655	-1	1367	518	8	5	NA	196
20220911 195811	-1	1367	518	8	5	NA	197
20220911 200250	-1	1367	518	8	5	21957333.3333333	198
20220911 200557	-1	1367	518	8	5	20106666.6666667	199
